0
1
4096
531441
16777216
244140625
2176782336
13841287201
68719476736
282429536481
1000000000000
3138428376721
8916100448256
23298085122481
56693912375296
129746337890625
281474976710656
582622237229761
1156831381426176
2213314919066161
4096000000000000
7355827511386641
12855002631049216
21914624432020321
36520347436056576
59604644775390625
95428956661682176
150094635296999121
232218265089212416
353814783205469041
531441000000000000
787662783788549761
1152921504606846976
1667889514952984961
2386420683693101056
3379220508056640625
4738381338321616896
6582952005840035281
9065737908494995456
12381557655576425121
16777216000000000000
22563490300366186081
30129469486639681536
39959630797262576401
52654090776777588736
68952523554931640625
89762301673555234816
116191483108948578241
149587343098087735296
191581231380566414401
244140625000000000000
309629344375621415601
390877006486250192896
491258904256726154641
614787626176508399616
766217865410400390625
951166013805414055936
1176246293903439668001
1449225352009601191936
1779197418239532716881
2176782336000000000000
2654348974297586158321
3226266762397899821056
3909188328478827879681
4722366482869645213696
5688009063105712890625
6831675453247426400256
8182718904632857144561
9774779120406941925376
11646329922777311412561
13841287201000000000000
16409682740640811134241
19408409961765342806016
22902048046490258711521
26963771415920784510976
31676352024078369140625
37133262473195501387776
43439888521963583647921
50714860157241037295616
59091511031674153381441
68719476736000000000000
79766443076872509863361
92420056270299898187776
106890007738661124410161
123410307017276135571456
142241757136172119140625
163674647745587512938496
188031682201497672618081
215671155821681003462656
246990403565262140303521
282429536481000000000000
322475487413604782665681
367666387654882241806336
418596297479370673535601
475920314814253376475136
540360087662636962890625
612709757329767363772416
693842360995438000295041
784716723734800033386496
886384871716129280658801
1000000000000000000000000
1126825030131969720661201
1268241794562545318301696
1425760886846178945447841
1601032218567680790102016
1795856326022129150390625
2012196471835550329409536
2252191588960823337718801
2518170116818978404827136
2812664781782894485727281
3138428376721000000000000
3498450596935634189769921
3895975992546975973113856
4334523100191686738306881
4817904819828488880132096
5350250105473711181640625
5936027041831326482169856
6580067382037190942729361
7287592625109126008344576
8064241715186276625588961
8916100448256000000000000
9849732675807611094711841
10872213398722912904482816
11991163848716906297072721
13214788658781797667045376
14551915228366851806640625
16012035393449278995173376
17605349516220764271966721
19342813113834066795298816
21236186150528020865123841
23298085122481000000000000
25542038069936263923006961
27982542656501458535448576
30635127461052805121505361
33516416633376182864121856
36644198070556426025390625
40037495277186834126340096
43716643078717303412870881
47703367363695867545849856
52020869037289085480011921
56693912375296000000000000
61748917974902741368975281
67214060505664762405851136
73119371471655725294164801
79496847203390844133441536
86380562306022715087890625
93806788798424099682390016
101814121186119595835681841
110443607719611533356957696
119738888098469732352733201
129746337890625000000000000
140515219945627518837736801
152097843090208773684330496
164549728404324620728411041
177929783385962838621884416
192300484323376406494140625
207728067204059288762843136
224282727500720205065439601
242038829185737332250382336
261075123337098804348567681
281474976710656000000000000
303326610665644763629211521
326723350842869800400326656
351763888007705494736404081
378552550483148382977130496
407199588611568593994140625
437821471697555965584019456
470541197898347534873984161
505488617542763051300683776
542800770374370512771595361
582622237229761000000000000
625105506678337880602119441
670411357165926452996079616
718709255220793060317103921
770177770297334467043659776
825005006849765777587890625
883389054245605390183038976
945538455146635506591955521
1011672693003313726683222016
1082022699327332498100696241
1156831381426176000000000000
1236354171303115835117980561
1320859596446125189798629376
1410629873249683485564270561
1505961523834397662438752256
1607166017050789863525390625
1714570434475502278801821696
1828518162230556187140793681
1949369609479181830042157056
2077502954475116767205550321
2213314919066161000000000000
2357221572577185690065114881
2509659166022727122011815936
2671084997624767126594464001
2841978310637314049208487936
3022841224505963164306640625
3214199700417740936751087616
3416604542324232545384738641
3630632434549265533578448896
3856887017121283350242637601
4096000000000000000000000000
4348632317396990233762642401
4615475323420547975828279296
4897252030306448390395044241
5194718390528185623763746816
5508664624112838398681640625
5839916592521948960554356736
6189337220490697154402830401
6557827967253220516257857536
6946330348617183160431238081
7355827511386641000000000000
7787345861668898615544483121
8241956748638414149261459456
8720778205368893309992171281
9224976748383532391296208896
9755769237612933691650390625
10314424798490535546171949056
10902266807956484097280908961
11520674946182735813538942976
12171087315874829579909431761
12855002631049216000000000000
13573982477229290545823357041
14329653645048357641297596416
15123710539293666054338805121
15957917665472413585874354176
16834112196028232574462890625
17754206618385148880104984576
18720191467045367574023614321
19734138142017490453021065216
20798201815902925734870098641
21914624432020321000000000000
23085737796000848857434784161
24313966763341113270967730176
25601832525455335435322705761
26951955996824334101419462656
28367061305895648984619140625
29849979392446980130179383296
31403651714183943747186386481
33031134065402989058412384256
34735600510611194263176918721
36520347436056576000000000000
38388797722185519065061084481
40344505040107975043939700736
42391158275216203514294433201
44532586081169051256761614336
46772761567521097265869140625
49115807124344448192809865216
51565999387260564203827465441
54127774346370243244217860096
56805732602641806617660372001
59604644775390625000000000000
62529457064557415999535378001
65585296971568246764230148096
68777479182635902650515347441
72111511618440250457975689216
75593101654204447168212890625
79228162514264337593543950336
83022819845310162051379891201
86983418472562773463547252736
91116529343230957588293738481
95428956661682176000000000000
99927745220846124633825584721
104620187934458937028636512256
109513833574845676773925608481
114616494721029974161197367296
119936255922052283847900390625
125481482080472289777685958656
131260827061126477105043503761
137283242530308845011443122176
143557987030641165766449098161
150094635296999121000000000000
156903087818962082857498424641
163993580655357272581489033216
171376695506573539304632176321
179063370050426074779119128576
187064908547461032867431640625
195392992721698273467801010176
204059692922921316864296943121
213077479576736094126128828416
222459234928734230114433331041
232218265089212416000000000000
242368312385016936196463417761
252923568025201628647322750976
263898685087308495981516810961
275308791831202866814366253056
287169505347519450195556640625
299496945547901850804899024896
312307749504346137016129649281
325619086145088897570576531456
339448671314611904643504117121
353814783205469041000000000000
368736278169776566314796884081
384232606918345112299069505536
400323831115571027902364072401
417030640378345864542952820736
434374369687385917207275390625
452377017219528840630098722816
471061262609691461042593862241
490450485651332023716795191296
510568785444411275443565936401
531441000000000000000000000000
553092726310835924575445943601
575550340897290317159369936896
598841020838364120317909320641
622992765297495137011017711616
648034417553121620683837890625
673995687544113646503571623936
700907174940351875150276622001
728800392748903786995238567936
757707791466420184947746068881
787662783788549761000000000000
818699769887346816976612516321
850854163267826846772605485056
884162417215006648162206715681
918662051842949959948040605696
954391681757526337812744140625
991391044344780112897566048256
1029701028696997844179291768561
1069363705188756702611733221376
1110422355715432735355050594561
1152921504606846976000000000000
1196906950228928915420617322241
1242425797286480951825250390016
1289526489840334121941717217521
1338258845052394702439737982976
1388674087672293186187744140625
1440824885279561706440311115776
1494765384295483228389391941921
1550551246778975776674326511616
1608239688021097644574300393441
1667889514952984961000000000000
1729561165382261200512043881361
1793316748073189235032143691776
1859220083686070369445516586161
1927336746591631502843839123456
1997734107576381138808837890625
2070481377455157458127600746496
2145649651607337092060800582081
2223311955453421620312454598656
2303543290888970191892547145521
2386420683693101056000000000000
2472023231929042220921962513681
2560432155354471958946281230336
2651730845859653471779023381601
2746004918951634751471942107136
2843342266303054544082275390625
2943833109384368375058857660416
3047570054198584854687363929041
3154648147137881977010830442496
3265164931981755884811169330801
3379220508056640625000000000000
3496917589577226791795034339201
3618361566189999678189727645696
3743660564739813658463646963841
3872925512280619035000649814016
4006270200351760530820556640625
4143811350541573024494477377536
4285668681360310036179623022801
4431964976444753912220451803136
4582826154117173651132848229281
4738381338321616896000000000000
4898762930960846817716295277921
5064106685657562460643248377856
5234551782963872647784755492881
5410240907043328777415185924096
5591320323850160818242431640625
5777939960830703556871252217856
5970253488172346700935405703361
6168418401625692825349129240576
6372596106925961399422623920961
6582952005840035281000000000000
6799655583865908142394420049841
7022880499611657333972261666816
7252804675881436727210363928721
7489610392496358142528690917376
7733484380878508090972900390625
7984617920426728775852675301376
8243206936713178643875538610721
8509452101530078278473934114816
8783558934816442124406231285841
9065737908494995456000000000000
9356204552249879185458266174961
9655179561276152586506710552576
9962888906032515816542942031361
10279563944029090291760398073856
10605441533682515539043212890625
10940764150271046150530924548096
11285780004022761936582279184881
11640743160370438345557966585856
12005913662407062729708916003921
12381557655576425121000000000000
12767947514633659874603497973281
13165361972911066876932454875136
13574086253924998035506742360801
13994412205360056505895889473536
14426638435467322602890869140625
14871070451913791625537326678016
15328020803120684935518067665841
15797809222128776602593843613696
16280762773029363806577930555201
16777216000000000000000000000000
17287511078984605626766090564801
17811997972058071997491783274496
18351034584515979779713048277041
18904986924730564508992631996416
19474229266814577603359619140625
20059144316135212607058101211136
20660123377720792838942199093601
21277566527603448314936306958336
21911882787141546791871910219681
22563490300366186081000000000000
23232816514396602443039513869521
23920298362969902942430645190656
24626382453131088146385741940081
25351525255129895544433993322496
26096193295571563576699462890625
26860863353869191234592184467456
27646022662045948876583015308161
28452169107935982225126351179776
29279811441833443519640329077361
30129469486639681536000000000000
31001674351559225686692396607441
31896968649395808729270202863616
32815906717500287775869592309921
33759054842422944355374937931776
34726991488323271274566650390625
35720307529190986997727933566976
36739606484932657258363216949521
37785504761378948674749271638016
38858631894268190306056236008241
39959630797262576401000000000000
41089158014054007099883470298561
42247883974617233597120303333376
43436493255668650298783663146561
44655684845389758862462603104256
45906172412475017729023681640625
47188684579564485892255510429696
48503965201122371247515895457681
49852773645823301959309032493056
51235885083508853935305470692321
52654090776777588736000000000000
54108198377272584130510593262881
55599032226731174075692470439936
57127433662862356193722241010001
58694261330118072898754954919936
60300391495425327222539306640625
61946718368946856158571745775616
63634154429938853031268885072641
65363630757775006047741354704896
67136097368206902852275559609601
68952523554931640625000000000000
70813898236538278094070654620401
72721230308905569812910016823296
74675549003124234238645683260241
76677904249017825583200724258816
78729367044337105142988525390625
80831029829703640895574283124736
82984006869379204630915034834401
85189434637938383810027924033536
87448472212922680764527492040081
89762301673555234816000000000000
92132128505596173454447158291121
94559182012419476920052875923456
97044715732393126432543586057281
99590007862645199957883822800896
102196361689299480843652587890625
104865106024265053943081802797056
107597595648665281034526000582961
110395211762992472479414119038976
113259362444075505199073576063761
116191483108948578241000000000000
119193036985710246500182286995041
122265515591462830613214753980416
125410439217423266704592672361121
128629357421297433588475439026176
131923849527010977268218994140625
135295525131890643183257125912576
138746024621391125681807156958321
142277019691463451701972659081216
145890213878661931676924574560641
149587343098087735296000000000000
153370176189268183007030246252161
157240515470071886090490202034176
161200197298760918827871799931761
165251092644282265779977014214656
169395107664901855540781494140625
173634184295285569594549998391296
177970300842132701133631229400481
182405472588468433947695572320256
186941752406703015828209321210721
191581231380566414401000000000000
196326039436028365961428688382481
201178345981314859797749207924736
206140360556133241705736489329201
211214333490219270978877298446336
216402556571320625160840087890625
221707363722732516328316354953216
227131131690502261690628246149441
232676280740420839905936883716096
238345275364920662780910016494001
244140625000000000000000000000000
250064884752295712280965016506001
256120656136427175934096908292096
262310587822735519273195371913441
268637376395543538746286686601216
275103767122062920083301025390625
281712554732076657256510863118336
288466584208525839677849410245201
295368751589131265875868423028736
302422004779181639964896403690481
309629344375621415601000000000000
316993824502572670874954368542721
324518553658426726783156020576256
332206695574642561605070957844481
340061470086390423762452034359296
348086154015180406603476806640625
356284082063617120106689547206656
364658647722422976797962491527761
373213304189874002281651152818176
381951565303793484767982024880161
390877006486250192896000000000000
399993265701109317068886081212641
409304044424585726500149595017216
418813108628950582279367124082321
428524289779543806069295154200576
438441485845246374607086181640625
448568662322567892065999292338176
458909853273506385605676338637121
469469162377338774164264416444416
480250763996501976790165756943041
491258904256726154641000000000000
502497902141583120258735434035761
513972150601614498929401686654976
525686117678205789920105722386961
537644347642374050222258191405056
549851462148638510185254150390625
562312161404145029166871028432896
575031225353216910123132111013281
588013514877506214979375506067456
601263973011921357734061827559121
614787626176508399616000000000000
628589585424465130312977473332081
642675047706468691384313547329536
657049297151499182530934707318401
671717706364343388493779080052736
686685737739964474054511962890625
701958944794925216991773394210816
717542973516054083971838830896241
733443563726545202295271950647296
749666550469685041251761511208401
766217865410400390625000000000000
783103538254824010709579716221601
800329698188076128124112937680896
817902575330461764801050184236641
835828502212285713876160279023616
854113915267488815861797119140625
872765356346311041540623681191936
891789474247188754533370855326001
911193026268095406548718923943936
930982879777536811989009705170881
951166013805414055936000000000000
971749520653969010650290534624321
992740607529029370660714159149056
1014146598191772065370414777301681
1035974934631225870939433987997696
1058233178757736020094453369140625
1080929014117615599540292857696256
1104070247629210529880484868142561
1127664811340606942471644172517376
1151720764209211801514619585526561
1176246293903439668001000000000000
1201249718626740564963180019260241
1226739488964205980896866405974016
1252724189751992140313894717473521
1279212541969801777218067043454976
1306213404656667768955230712890625
1333735776850284124449081472843776
1361788799550131972374553991985921
1390381757704650361419792863727616
1419524082222703866524488543155441
1449225352009601191936000000000000
1479495296027921174174630123649361
1510343795383404815625408037195776
1541780885436174222555778050512161
1573816757937541579976988694675456
1606461763192673570002285400390625
1639726412249378930288083240554496
1673621379113289154856256620296081
1708157502989704661167934753734656
1743345790552381084833418599737521
1779197418239532716881000000000000
1815723734577332468151810888111681
1852936262531190131220884368654336
1890846701885093112349176364977601
1929466931649296224430464459739136
1968809012496649566794179931640625
2008885189227855969143993103548416
2049707893265951944936297569313041
2091289745180308584216846075498496
2133643557240451317422184503752801
2176782336000000000000000000000000
2220719284911033302994119543767201
2265467806969183947061026584989696
2311041507389773886821052440229841
2357454196315301139084779261526016
2404719891554592552419883056640625
2452852821353939436822156577345536
2501867427200535611013579150076801
2551778366658540081197128546779136
2602600516238089239039932706481281
2654348974297586158321000000000000
2707039063979597279155099296535921
2760686336180689496078629371641856
2815306572555543411645056214428881
2870915788555681280615533043716096
2927530236503150951433769775390625
2985166408699509911532497174265856
3043841040570456361221679760427361
3103571113846457077545967898136576
3164373859779724684661034418002961
3226266762397899821056000000000000
3289267561794796586432994591137841
3353394257458572562336204866850816
3418665111637687630792991472534721
3485098652745018764380592066789376
3552713678800500929355621337890625
3621529260912667230872398707429376
3691564746799464435962737597004721
3762839764348723035947174320930816
3835374225218664055388955943197841
3909188328478827879681000000000000
3984302564291813457966339655092961
4060737717636219342428430533656576
4138514872071181149143575654307361
4217655413542903169758379084025856
4298181034233585027335625244140625
4380113736453147453897659274756096
4463475836574164471582877087248881
4548289969010412484014287235321856
4634579090239450029555549497745921
4722366482869645213696000000000000
4811675759752071123958817122721281
4902530868137692837562848551899136
4994956093880272959686195182306801
5088976065685425978676225597505536
5184615759406255094024375244140625
5281900502386008563473273722966016
5380855977848196027347155641399841
5481508229334608701193166778269696
5583883665191690782190407704127201
5688009063105712890625000000000000
5793911574687201865143063539142801
5901618730105084749579514330218496
6011158442771008350019598709893041
6122559014074299303482949394108416
6235849138168033184327871337890625
6351057906806684781258041391579136
6468214814235835306776648324497601
6587349762134415952176334411534336
6708493064609970874779564967621681
6831675453247426400256000000000000
6956928082211856941544138544277521
7084282533405741877297331738054656
7213770821681211396962910689226081
7345425400107783106691660561514496
7479279165296095000367519775390625
7615365462778144233248835936915456
7753718092444544992127728048382161
7894371314039322635648365049675776
8037359852712765181583868932309361
8182718904632857144561000000000000
8330484142655824678048014536845441
8480691722056324948490652657647616
8633378286317816667400987659265921
8788580972983652729081039184203776
8946337419569439947605133056640625
9106685769537214956799814036094976
9269664678331989431355838883693521
9435313319481221905991873108054016
9603671390757777612872785217070241
9774779120406941925376000000000000
9948677273438057188906683618366561
10125407157981356936896358456037376
10305010631710575732489979653772561
10487530108331917143843967919456256
10673008564139966653532929931640625
10861489544641140620406879771037696
11053017171245266755465100091871681
11247636148025895942029074870829056
11445391768549949624817238631584321
11646329922777311412561000000000000
11850497104030975984667318617160881
12057940416038372864241080977063936
12268707580044487117643999129306001
12482846941997403564799442653351936
12700407479806905634768535400390625
12921438810676764577836361492463616
13145991198511359348572918477156641
13374115561397272104186549578960896
13605863479160508919083334072331601
13841287201000000000000000000000000
14080439653198038396506364992348401
14323374446908320939192460653367296
14570145886022259902582039813226241
14820808975114238681865124436770816
15075419427466489592034980712890625
15334033673174276745067097963892736
15596708867332071835507426658588401
15863502898301415567362661638209536
16134474396061162385625440298592081
16409682740640811134241000000000000
16689188070637629248948480417849121
16973051291818283108329379338387456
17261334085805692209687727871693281
17554098918851829908191735901392896
17851409050697198558145703369140625
18153328543517712024454970585645056
18459922270959723690417004862006961
18771255927263943275040146347134976
19087396036478990989280159788445761
19408409961765342806016000000000000
19734365914790425893382878846383041
20065332965215628565365945458364416
20401381050275994437455127797667121
20742580984453375838794745355698176
21089004469243826925754547119140625
21440724103020022365326358498840576
21797813390989492910337383832052321
22160346755249474672292601545097216
22528399544939174411840147874772641
22902048046490258711521000000000000
23281369493976380470743875853470161
23666442079562561768944649084338176
24057344964055257779773665418907761
24454158287553932087031421760966656
24856963180204979452070761962890625
25265841773058837812630033369399296
25680877209031137054684866464164481
26102153653968737892035067580256256
26529756307821520013106584361252721
26963771415920784510976000000000000
27404286280365141501046272061430481
27851389271514759751247544524148736
28305169839594861102236270425975201
28765718526409348439950383787278336
29233126977165462000179004150390625
29707487952410364834653650652041216
30188895340080564350696045756583441
30677444167665082951797517997572096
31173230614483296954789340818366001
31676352024078369140625000000000000
32186906916727206510367651443384001
32704995002067881065892558034436096
33230717191845457716209080820229441
33764175612777179725314206149513216
34305473619537968466244336181640625
34854715807867200628629234134286336
35412008027797732443707036682349201
35977457397008146941567923346804736
36551172314299206740492526759392481
37133262473195501387776000000000000
37723838875673284825516711307250721
38323013846015505143637058252640256
38930901044795035406030491681830481
39547615482987120994331486423351296
40173273536212065607522226806640625
40807992959109184784559890560454656
41451892899843062581570679581301761
42105093914743153835050590510514176
42767717983077781278078137896412161
43439888521963583647921000000000000
44121730401411477830747380759750641
44813369959510205032574666949001216
45514935017748537945243970657738321
46226554896477232892241015541272576
46948360430511817991733551025390625
47680483984877315463405431135666176
48423059470696003331680412672081121
49176222361219328940887719952060416
49940109708005093897969969676305041
50714860157241037295616000000000000
51500613966215951343360724450403761
52297513019939470846375927698558976
53105700847911685321524902569712961
53925322641043729927915335168557056
54756525268730518814804590087890625
55599457296076791953435616709840896
56454269001277654021356551284127281
57321112393154791448149563283603456
58200141228849561310411799296751121
59091511031674153381441000000000000
59995379109122034297528468395530081
60911904571038890498200890073153536
61841248347955294332328765542314401
62783573209582325495882005159284736
63739043783471387780412031494140625
64707826573839468964224383441698816
65690089980561099570826551409680241
66686004318328274151743203554103296
67695741835979606723336079402230401
68719476736000000000000000000000000
69757385194192116119181424682249601
70809645379520944647233906953424896
71876437474132771789338181050902641
72957943693549862901726344292335616
74054348307042178620412968994140625
75165837658177453177704645742759936
76292600185550971776087475175780001
77434826443696392228833820657319936
78592709124178964457980026660022881
79766443076872509863361000000000000
80956225331421531041301131852482321
82162255118889830838509982560813056
83384733893597028275871820289637681
84623865355144367468307247487389696
85879855470631224300879902587890625
87152912497063724297979113301344256
88443247003956893841888315836266561
89751071896131775659507344259813376
91076602436708948301593028416208561
92420056270299898187776000000000000
93781653446397701682961667766948241
95161616442968483606689848809558016
96560170190245127556770789259479521
97977542094724722452195922700926976
99413962063371238768100738525390625
100869662528024937047595998986571776
102344878470020020431744079883779921
103839847445012052150001636648943616
105354809608016668159240730631667441
106890007738661124410161000000000000
108445687266650227555678831749167361
110022096297448207296889587578699776
111619485638178097988609954976188161
113238108823740206598484030702227456
114878222143151253631343789306640625
116540084666105783194117534432362496
118223958269761447986244563881760081
119930107665749784656446787900870656
121658800427414104668995010298079521
123410307017276135571456000000000000
125184900814733057351483732809459681
126982858143986588412692056504078336
128804458302205785589184715198323601
130649983587925232555090750929371136
132519719329680300969627773681640625
134413953914881178729961850101436416
136332978818927369783620603616447041
138277088634564380079615745768554496
140246581101484314412913275533924801
142241757136172119140625000000000000
144262920861999216020455260748945201
146310379639566282742693615890333696
148384444097296946096569954075245841
150485428162284164130255736625238016
152613649091391084131376816650390625
154769427502608173771773016629313536
156953087406668433326571213168880801
159164956238922507493606342689755136
161405364891475526005003176560483281
163674647745587512938496000000000000
165973142704339215401988956943543921
168301191225565213081122694342905856
170659138355056181006389366115114881
173047332760032188813804762453508096
175466126762888930741480449462890625
177915876375218791623817884248313856
180396941332108665215648471506901361
182909685126716452300646822315032576
185454475045128177211927850757834961
188031682201497672618081000000000000
190641681573470793705176441607975841
193284852037896134214678570720034816
195961576406824228178901970872890721
198672241463797232629825107794661376
201417238000431098043918609619140625
204196960853292244825329797091557376
207011808941070775722475254197148721
209862185302052265719011207955746816
212748497131890182639460265000859841
215671155821681003462656000000000000
218630576996344103142807794339760961
221627180553308504598571390004760576
224661390701508590445220480758333361
227733636000690889014036358921977856
230844349401034059226551640869140625
233993968283084210969486299176964096
237182934498007709749285947837062881
240411694408163626593300295352057856
243680698927998006408011058475237921
246990403565262140303521000000000000
250341268462557039747937124743219281
253733758439206322825509870696923136
257168343033459735338615224364002801
260645496545029542016077353257537536
264165698077962035669115293212890625
267729431583846424771548588871254016
271337185905363372633004124806883841
274989454820175474082920692160925696
278686737085161968389340529173449201
282429536481000000000000000000000000
286218361857094751614277009933470801
290053727176860787073313401325162496
293936151563356954592299567713259041
297866159345277213953679428908220416
301844280103299764433100722900390625
305871048716796863441492718633947136
309947005410907739136895795941651601
314072695803977013588790166564110336
318248670955361066465870047270773681
322475487413604782665681000000000000
326753707264991140811478515720435521
331083898182466113108272263678918656
335466633474941360676490215828262081
339902492136977222168227982681706496
344392058898848507217839492431640625
348935924276995620085874376841363456
353534684624863552723274298723206161
358188942184131300411504607396171776
362899305136334267124119218581291361
367666387654882241806336000000000000
372490809957475540881738158272833441
377373198358921926469415560360431616
382314185324356924030920417017971921
387314409522870177464536579782475776
392374515881540494024753570556640625
397495155639882245867698528490622976
402676986404705809508815118592187521
407920672205394739027492138192470016
413226883549602383464840561293882241
418596297479370673535601000000000000
424029597627673817513439403062184561
429527474275389660950863064256741376
435090624408701479760867932286148561
440719751776932991117418498387808256
446415566950819381626170332275390625
452178787381217167275680231583645696
458010137458255714802917980980035681
463910348570933269295405367557165056
469880159167160348105971299188226321
475920314814253376475136000000000000
482031568259881455640732137886808881
488214679493469169664746647531687936
494470415808058352723734672259352001
500799551862631754191727632303783936
507202869744901554493542558837890625
513681159034565700422011585991151616
520235216867035044395101391660990641
526865847997634287978395398251216896
533573864866279745915180114530803601
540360087662636962890625000000000000
547225344391761231308486996775826401
554170470940224074478621187737911296
561196311142728775801553144034942241
568303716849218050792682114901282816
575493547992476975113553437744140625
582766672656234298171280011596660736
590123967143765288309823443024092401
597566316046999272148683057400385536
605094612316135047225803343850894081
612709757329767363772416000000000000
620412660965527688188300451573157121
628204241671242477596795888648851456
636085426536612211740048290349079281
644057151365414445426647867531984896
652120360748234161766226562744140625
660276008135724723518962892520493056
668525055912402737052504143865180961
676868475470980160634785850223230976
685307247287237006098828139796577761
693842360995438000295041000000000000
702474815464296590198099228001521041
711205618873489693059276793410748416
720035788790726610591483943464723121
728966352249375543843353515624370176
737998345826651163160800933837890625
747132815722366705449761064223768576
756370817838254088842510770298896321
765713417857855552832345379679113216
775161691326990349977617562270734641
784716723734800033386496000000000000
794379610595375902378486843006438161
804151457529972186978011907614642176
814033380349808570229382956179633761
824026505139465665731580755659718656
834131968340877086275570957275390625
844350916837921758026696660292407296
854684508041620153330210775390678481
865133909975938133929481414436192256
875700301364202115174052402047044721
886384871716129280658801000000000000
897188821415476595676138900180228481
908113361808312386880783789888372736
919159715291914274661321112354371201
930329115404297263884813296228110336
941622806914375817930331445556640625
953042045912763760254717475701129216
964588099903215867139368635108767441
976262247894715034750607427559428096
988065780494208923208494780065988001
1000000000000000000000000000000000000
